0 0.26989032033426186 0.5926183844011141 0.1041956824512535 0.19359331476323122
0 0.3165041782729805 0.35515320334261835 0.08461002785515323 0.15041782729805017
0 0.3450992339832868 0.21030640668523679 0.04935584958217269 0.09192200557103064
0 0.42853412256267404 0.1998607242339833 0.0564066852367688 0.09888579387186631
0 0.38701253481894143 0.11281337047353761 0.05170612813370475 0.07799442896935935
0 0.34000696378830075 0.11350974930362118 0.031337047353760424 0.06824512534818941
0 0.29300139275766013 0.14763231197771587 0.06110724233983291 0.08077994428969358
0 0.24168697771587744 0.1671309192200557 0.0462221448467967 0.09470752089136489
0 0.29495995821727017 0.07103064066852367 0.028986768802228405 0.036211699164345405
0 0.32473015320334264 0.054317548746518104 0.01958565459610032 0.04178272980501393
0 0.352150069637883 0.036211699164345405 0.030553621169916455 0.04178272980501393
