0 0.8915389972144845 0.5508356545961003 0.0955779944289695 0.26044568245125355
0 0.49825905292479106 0.66991643454039 0.15355153203342617 0.32869080779944276
0 0.24677924791086348 0.8676880222841226 0.14101671309192199 0.2646239554317549
0 0.10850452646239553 0.7715877437325906 0.13239902506963788 0.3147632311977715
0 0.3071030640668524 0.5327298050139275 0.08461002785515319 0.34401114206128125
0 0.47945682451253474 0.40250696378830086 0.056406685236768866 0.15041782729805014
0 0.4532120473537604 0.27298050139275765 0.06972493036211695 0.10863509749303621
0 0.27968314763231195 0.2576601671309192 0.05954038997214482 0.12813370473537603
0 0.421875 0.18105849582172703 0.06345752089136489 0.11977715877437327
0 0.34235724233983283 0.23467966573816157 0.04543871866295266 0.08774373259052926
