0 0.496692200557103 0.8481894150417827 0.11751392757660163 0.30362116991643445
0 0.19703168523676878 0.8412256267409471 0.1637360724233983 0.31754874651810583
0 0.33491469359331477 0.2590529247910863 0.05875696378830085 0.11420612813370475
0 0.23855327298050136 0.15877437325905291 0.05405640668523677 0.08077994428969358
0 0.3921048050139275 0.11072423398328692 0.02585306406685241 0.054317548746518104
0 0.29378481894150416 0.08913649025069638 0.026636490250696383 0.05571030640668523
0 0.3376566852367688 0.10933147632311979 0.037604456824512515 0.06824512534818941
0 0.3337395543175487 0.1796657381615599 0.034470752089136455 0.05571030640668523
0 0.3615511838440111 0.058495821727019504 0.027419916434540354 0.06128133704735376
0 0.3282555710306406 0.059192200557103065 0.028203342618384433 0.043175487465181066
