0 0.1837134401114206 0.8440111420612815 0.1276984679665738 0.3119777158774373
0 0.2918262534818941 0.4756267409470752 0.11046309192200553 0.21587743732590525
0 0.4344098189415042 0.23050139275766013 0.05092270194986071 0.09331476323119776
0 0.3419655292479108 0.2639275766016713 0.043088440111420635 0.1295264623955432
0 0.2902594011142061 0.16991643454038996 0.047788997214484645 0.0863509749303621
0 0.23581128133704732 0.15598885793871867 0.039171309192200535 0.06963788300835656
0 0.3376566852367687 0.15250696378830086 0.0360376044568245 0.06824512534818944
0 0.39837221448467963 0.14275766016713093 0.03995473537604454 0.0626740947075209
0 0.3611594707520891 0.048746518105849575 0.025069637883008297 0.05013927576601671
0 0.29260967966573814 0.07590529247910864 0.019585654596100285 0.043175487465181066
0 0.3274721448467966 0.06754874651810586 0.020369080779944326 0.04874651810584958
