0 0.11633878830083563 0.7214484679665739 0.12926532033426183 0.27576601671309203
0 0.24482068245125346 0.8349582172701949 0.09166086350974932 0.2938718662952647
0 0.5025678969359331 0.6866295264623956 0.09479456824512539 0.3147632311977716
0 0.31924616991643456 0.520891364902507 0.13866643454038996 0.27855153203342625
0 0.33804839832869077 0.30153203342618384 0.06972493036211702 0.15181058495821728
0 0.4696639972144847 0.4038997214484679 0.07129178272980503 0.15877437325905291
0 0.4512534818941504 0.2722841225626741 0.07364206128133702 0.11002785515320333
0 0.4179578690807799 0.17827298050139276 0.06189066852367688 0.09470752089136492
0 0.2792914345403899 0.24930362116991645 0.05248955431754876 0.11699164345403901
0 0.23894498607242337 0.15738161559888578 0.031337047353760424 0.06406685236768801
0 0.2906511142061281 0.1295264623955432 0.02350278551532039 0.04456824512534821
0 0.34079038997214484 0.13579387186629524 0.0282033426183844 0.07103064066852367
